255 255 255 255 255 255 255 255 255 255 255 255 255 255 255 255 029 255 255 255 255 255 255 255 255 255 255 255 255 255 255 255 255 255 255 255 255 255 255 255 
255 255 255 255 255 255 255 255 255 255 255 255 255 255 255 255 255 029 255 255 255 255 255 255 255 255 255 255 255 255 255 255 255 255 255 255 255 255 255 255 
255 255 255 255 255 255 255 255 255 255 255 255 255 255 255 255 255 255 029 255 255 255 255 255 255 255 255 255 255 255 255 255 255 255 255 255 255 255 255 255 
255 255 255 255 255 255 255 255 255 255 255 255 255 255 255 255 255 255 255 029 255 255 255 255 255 255 255 255 255 255 255 255 255 255 255 255 255 255 255 255 
255 255 255 255 255 255 255 255 255 255 255 255 255 255 255 255 255 255 255 029 255 255 255 255 255 255 255 255 255 255 255 255 255 255 255 255 255 255 255 255 
255 255 255 255 255 255 255 255 255 255 255 255 255 255 255 255 255 255 255 255 029 255 255 255 255 255 255 255 255 255 255 255 255 255 255 255 255 255 255 255 
255 255 255 255 255 255 255 255 255 255 255 255 255 255 255 255 255 255 255 255 255 029 255 255 255 255 255 255 255 255 255 255 255 255 255 255 255 255 255 255 
255 255 255 255 255 255 255 255 255 255 255 255 255 255 255 255 255 255 255 255 255 255 029 255 255 255 255 255 255 255 255 255 255 255 255 255 255 255 255 255 
255 255 255 255 255 255 255 255 255 255 255 255 255 255 255 255 255 255 255 255 255 255 255 029 255 255 255 255 255 255 255 255 255 255 255 255 255 255 255 255 
255 255 255 255 255 255 255 255 255 255 255 255 255 255 255 255 255 255 255 255 255 255 255 255 029 255 255 255 255 255 255 255 255 255 255 255 255 255 255 255 
255 255 255 255 255 255 255 255 255 255 255 255 255 255 255 255 255 255 255 255 255 255 255 255 029 255 255 255 255 255 255 255 255 255 255 255 255 255 255 255 
255 255 255 255 255 255 255 255 255 255 255 255 255 255 255 255 255 255 255 255 255 255 255 255 255 029 255 255 255 255 255 255 255 255 255 255 255 255 255 255 
255 255 255 255 255 255 255 255 255 255 255 255 255 255 255 255 255 255 255 255 255 255 255 255 255 255 029 255 255 255 029 255 255 255 255 255 255 255 255 255 
255 255 255 255 255 255 255 255 255 255 255 255 255 255 255 255 255 255 000 255 255 255 255 255 255 255 255 029 255 255 255 255 255 255 255 255 255 255 255 255 
255 255 255 255 255 255 255 255 255 255 255 255 255 255 255 255 255 255 255 255 255 255 255 029 255 255 255 255 029 255 255 255 255 255 255 255 255 255 255 255 
255 255 255 255 255 255 255 255 255 255 255 255 255 255 255 255 255 255 255 255 255 255 255 255 255 255 255 255 255 029 187 117 255 255 255 255 255 255 255 255 
255 255 255 255 255 255 255 255 255 255 255 255 255 255 255 255 255 255 255 255 255 255 255 255 255 255 236 187 117 050 029 029 255 255 255 255 255 255 255 255 
255 255 255 255 255 255 255 255 255 255 255 000 255 255 255 255 255 255 255 255 255 255 255 236 187 117 050 029 029 029 029 029 255 255 255 255 255 255 255 255 
255 255 255 255 255 255 255 255 255 255 255 255 255 255 255 029 255 255 255 255 236 187 117 050 029 029 029 029 029 029 029 029 255 255 255 255 255 000 255 255 
255 255 255 255 255 255 255 255 255 255 255 255 255 255 255 255 255 255 217 117 050 029 029 029 029 029 029 029 029 029 029 029 029 255 255 076 255 255 255 255 
255 255 255 255 255 255 255 255 255 255 255 255 255 255 255 217 154 063 029 029 029 029 029 029 029 029 029 029 029 071 142 000 255 029 076 255 255 255 255 255 
255 255 255 000 255 255 255 255 255 255 255 255 255 154 063 029 029 029 029 029 029 029 029 029 029 029 071 142 207 245 236 187 255 076 029 255 255 255 255 255 
255 255 255 255 000 255 255 029 255 255 255 255 255 029 029 029 029 029 029 029 029 029 029 029 142 207 245 236 187 117 050 029 076 255 255 029 255 255 255 255 
255 255 255 255 000 255 255 255 255 255 255 255 255 029 029 029 029 029 029 029 029 029 029 029 255 217 117 050 029 029 029 029 076 255 255 029 255 255 255 255 
255 255 255 255 255 000 255 255 255 255 255 255 255 029 029 029 029 071 142 207 029 029 029 029 063 029 029 029 029 029 029 029 255 255 255 255 029 255 255 255 
255 255 255 255 255 000 255 255 255 255 255 255 255 029 071 142 207 245 255 217 029 029 029 029 029 029 029 029 029 029 029 000 255 255 255 255 255 029 255 255 
255 255 255 255 255 255 000 255 255 255 255 255 255 207 245 255 217 154 063 029 029 029 029 029 029 029 029 029 029 025 071 142 255 255 255 255 255 255 029 255 
255 255 255 255 255 255 000 255 255 255 255 255 255 217 154 063 029 029 029 029 029 029 029 029 029 029 029 071 029 207 245 255 255 255 255 255 255 255 255 255 
255 255 255 255 255 255 255 000 255 255 255 255 255 029 029 029 029 029 029 029 029 029 029 029 071 142 207 066 029 255 255 255 255 255 255 255 255 255 255 255 
255 255 255 255 255 255 255 000 255 255 255 255 255 029 029 029 029 029 029 029 029 071 142 207 245 255 076 255 029 255 255 255 255 255 255 255 255 255 255 255 
255 255 255 255 255 255 255 255 000 255 255 255 255 029 029 029 029 029 071 142 207 245 255 255 255 076 255 255 255 255 255 255 255 255 255 029 255 255 255 255 
255 255 255 255 255 255 255 255 000 255 255 255 255 029 029 071 142 207 245 255 255 255 255 255 255 076 255 255 255 255 255 255 255 255 255 255 255 255 255 255 
255 255 255 255 255 255 255 255 255 000 255 255 255 097 175 245 255 255 255 255 255 255 255 255 076 255 255 255 255 255 255 255 255 255 255 255 255 255 255 255 
255 255 255 255 255 255 255 255 255 000 255 255 255 255 255 255 255 255 255 255 255 255 255 076 255 255 255 255 255 236 187 117 255 255 255 255 255 255 255 255 
255 255 255 255 255 255 255 255 255 255 000 255 255 255 255 255 255 255 255 255 255 255 076 255 255 255 236 187 117 050 029 029 255 255 255 255 029 255 255 255 
255 255 255 255 255 255 255 255 255 255 000 255 255 255 255 255 255 255 255 255 255 076 255 236 187 117 050 029 029 029 029 029 255 255 255 255 255 255 255 255 
255 255 255 255 255 255 255 255 255 255 255 000 255 255 255 255 255 255 255 255 094 187 117 050 029 029 029 029 029 029 029 029 255 255 255 255 255 255 255 255 
255 255 255 255 255 255 255 255 255 255 255 000 255 255 255 255 255 255 217 075 050 029 029 029 029 029 029 029 029 029 029 029 255 255 255 255 255 255 255 255 
255 255 255 255 255 255 255 255 255 255 255 255 000 255 255 217 154 063 029 029 029 029 029 029 029 029 029 029 029 071 142 000 255 255 255 255 255 255 255 255 
255 255 255 255 255 255 255 255 255 255 255 255 000 154 063 029 029 029 029 029 029 029 029 029 029 029 071 142 207 245 255 255 255 255 255 255 255 255 255 255 
255 029 255 255 255 255 255 255 255 255 255 255 255 029 029 029 029 029 029 029 029 029 029 029 092 167 227 236 236 236 236 236 255 255 255 255 000 000 255 255 
255 255 255 255 255 255 255 255 255 255 255 255 255 029 029 029 029 029 029 029 029 029 029 029 029 029 050 050 050 050 050 050 255 255 000 000 255 255 255 255 
255 255 255 255 255 255 255 255 255 255 255 255 255 029 029 029 029 071 142 131 029 029 029 029 029 029 029 029 029 029 029 029 000 000 255 255 255 255 255 255 
255 255 255 255 255 255 255 255 255 255 255 255 255 029 017 008 207 245 154 029 029 029 029 029 029 029 029 029 029 029 029 029 255 255 255 255 255 255 255 255 
255 255 255 255 255 255 255 255 255 255 255 255 255 046 245 000 236 117 029 029 029 029 029 029 029 029 029 029 029 029 029 029 255 255 255 255 255 255 255 255 
255 255 255 255 255 255 255 076 255 255 255 255 076 255 255 217 029 029 029 029 029 207 175 000 000 000 175 175 175 142 142 142 255 255 255 255 255 255 255 255 
255 255 255 255 255 255 255 255 255 255 255 076 255 255 154 029 029 029 029 097 235 000 000 255 255 255 255 255 255 255 255 255 255 255 255 255 255 255 255 255 
255 255 255 255 255 255 255 255 255 255 255 076 255 117 029 029 029 029 008 029 000 255 255 255 255 255 255 255 255 255 255 255 255 255 255 255 255 255 255 255 
255 255 255 255 255 255 255 255 255 255 076 255 255 029 029 029 021 000 255 255 255 255 255 255 255 255 255 255 255 255 255 255 255 255 255 255 255 255 255 255 
255 255 255 255 255 255 255 255 255 076 255 255 255 029 029 071 235 255 000 255 255 255 255 255 255 255 255 255 255 255 125 255 255 255 255 255 255 255 255 255 
255 255 255 255 255 255 255 029 076 255 000 000 000 029 142 245 255 255 000 255 255 255 255 255 255 255 255 255 255 225 000 255 255 255 255 255 255 255 255 255 
255 255 255 255 255 255 255 000 000 000 255 255 255 142 255 255 255 255 255 000 255 255 255 255 255 255 255 251 166 021 000 255 255 255 255 255 255 255 255 255 
255 255 255 255 255 000 076 255 255 255 255 255 255 255 255 255 255 255 255 000 255 255 255 255 255 255 201 097 089 175 000 255 255 255 255 255 255 255 255 255 
255 255 255 000 000 076 255 255 255 255 255 255 255 255 255 255 255 255 255 255 000 255 255 255 225 125 060 207 255 255 000 255 255 255 255 255 255 255 255 255 
255 255 255 255 076 255 255 255 255 255 255 255 255 255 255 255 255 255 255 255 000 255 251 166 034 175 245 255 255 255 138 255 255 255 255 255 255 255 255 255 
255 255 255 255 076 255 255 255 255 255 255 255 255 255 255 255 255 255 255 255 255 000 097 000 235 255 255 255 255 255 255 255 255 255 255 255 255 255 255 255 
255 255 255 076 255 255 255 000 000 000 000 255 255 255 255 255 255 255 255 247 125 000 207 000 255 255 255 000 255 255 255 255 255 255 255 255 255 255 255 255 
255 255 076 255 255 255 255 255 255 255 255 000 000 000 000 000 000 000 166 047 175 255 000 000 255 255 255 255 255 255 255 255 255 255 255 255 255 255 255 255 
255 076 255 255 255 255 255 255 255 255 255 255 255 255 255 255 201 097 000 000 000 000 255 000 255 255 255 255 255 255 255 255 255 255 255 255 255 255 255 255 
255 255 255 255 255 255 255 255 255 255 255 255 255 255 247 125 081 207 255 255 255 255 255 000 255 255 255 255 255 255 251 255 255 255 255 255 255 255 255 255 
255 255 255 255 255 255 255 255 255 255 255 255 255 255 034 000 034 125 166 201 225 247 251 000 000 255 255 255 255 255 088 255 255 255 255 255 255 255 255 255 
255 255 255 255 255 255 255 255 255 255 255 255 255 255 138 089 060 013 008 000 021 034 088 000 000 201 225 247 251 255 000 255 255 255 255 255 255 255 255 255 
255 255 255 255 255 255 255 255 255 255 255 255 255 255 255 255 245 235 207 175 089 060 013 008 000 000 021 034 088 125 000 255 255 255 255 255 255 255 255 255 
255 255 255 255 255 255 255 255 255 255 255 255 255 255 255 255 255 255 255 255 255 245 235 207 175 000 089 013 008 000 000 255 255 255 255 255 255 255 255 255 
255 255 255 255 255 255 255 255 255 255 255 255 255 255 255 255 255 255 255 255 255 255 255 255 255 255 000 235 207 175 000 255 255 255 255 255 255 255 255 255 
255 255 255 255 255 255 255 255 255 255 255 255 255 255 255 255 255 255 255 255 255 255 255 255 255 255 000 255 255 255 008 255 255 255 255 255 255 255 255 255 
255 255 255 255 255 255 255 255 255 255 255 255 255 255 255 255 255 255 255 255 255 255 255 255 255 255 255 000 255 255 207 255 255 255 255 255 255 255 255 255 
255 255 255 255 255 255 255 255 255 255 255 255 255 255 255 255 255 255 255 255 255 255 255 255 255 255 255 000 255 255 255 255 255 255 255 255 255 255 255 255 
255 255 255 255 255 255 255 255 255 255 255 255 255 255 255 255 255 255 255 255 255 255 255 255 255 255 255 255 000 255 255 255 255 255 255 255 255 255 255 255 
255 255 255 255 255 255 255 255 255 255 255 255 255 255 255 255 255 255 255 255 255 255 255 255 255 255 255 255 000 255 255 255 255 255 255 255 255 255 255 255 
255 255 255 255 255 255 255 255 255 255 255 255 255 255 255 255 255 255 255 255 255 255 255 255 255 251 225 166 125 000 201 255 255 255 255 255 255 255 255 255 
255 255 255 255 255 255 255 255 255 255 255 255 255 255 255 255 255 255 255 255 255 255 251 225 166 088 021 000 000 000 000 247 255 255 255 255 255 255 255 255 
255 255 255 255 255 255 255 255 255 255 255 255 255 255 255 255 255 255 255 251 225 166 088 021 000 000 000 000 000 000 000 034 255 255 255 255 255 255 255 255 
255 255 255 255 255 255 255 255 255 255 255 255 255 255 255 255 255 225 166 088 021 000 029 000 000 000 000 000 000 000 000 000 255 255 255 255 255 255 255 255 
255 255 255 255 255 255 255 255 255 255 255 255 255 255 255 251 125 021 000 000 000 000 000 000 000 000 000 000 008 000 000 000 255 255 255 255 255 255 255 255 
255 255 255 255 255 255 255 255 255 255 255 255 255 255 251 088 000 000 000 000 000 000 000 000 000 013 089 175 207 000 000 000 255 255 255 255 255 255 255 255 
255 255 255 255 255 255 255 255 255 255 255 255 255 255 088 000 000 000 000 000 000 000 013 089 175 235 255 247 201 000 000 000 000 255 255 255 255 255 255 255 
255 255 255 255 255 255 255 255 255 255 255 255 255 251 000 000 000 000 000 013 089 175 235 255 251 225 166 034 000 000 000 089 255 255 255 255 255 255 255 255 
255 255 255 255 255 255 255 255 255 255 255 255 255 088 000 000 008 060 175 029 255 255 255 255 088 021 000 000 000 000 000 255 255 255 255 255 255 255 255 255 
255 255 255 255 255 255 255 255 255 255 255 255 255 000 000 000 207 245 251 225 166 255 255 255 000 000 000 000 000 000 138 255 255 255 255 255 255 255 255 255 
255 255 255 255 255 255 255 255 255 255 255 255 255 000 000 000 201 166 088 021 000 255 255 255 000 000 000 000 000 089 255 255 255 255 255 255 255 255 255 255 
255 255 255 255 255 255 255 255 255 255 255 255 255 000 000 000 000 000 000 000 000 255 255 255 000 000 000 060 175 255 255 255 255 255 255 255 255 255 255 255 
255 255 255 255 255 255 255 255 255 255 255 255 255 000 000 000 000 000 000 000 000 255 255 255 013 089 175 245 255 255 000 255 255 255 255 255 255 255 255 255 
255 255 255 255 255 255 255 255 255 255 255 255 255 060 000 000 000 000 000 000 000 255 255 255 235 255 255 255 255 255 255 255 255 255 255 255 255 255 255 255 
255 255 255 255 255 255 255 255 255 255 255 255 255 245 008 000 000 000 013 060 175 255 255 255 255 255 255 255 255 255 255 255 255 255 255 255 255 255 255 255 
255 255 255 255 255 255 255 255 255 255 255 255 255 255 207 138 138 175 235 245 255 255 255 255 255 255 255 255 255 255 255 255 255 255 255 255 255 255 255 255 
255 255 255 255 255 255 255 255 255 255 255 255 255 255 255 255 255 255 255 255 255 255 255 255 255 255 255 255 255 255 255 255 255 029 255 255 255 255 255 255 
255 255 255 255 255 255 255 255 255 255 255 255 255 255 255 255 255 255 255 255 255 255 255 255 255 255 255 255 255 255 255 255 255 255 255 255 255 255 255 255 
255 255 255 255 255 255 255 255 255 255 255 255 255 255 255 255 255 255 255 255 255 255 255 255 255 255 255 255 255 255 255 255 255 255 255 255 255 255 255 255 
255 255 255 255 255 255 255 255 255 255 255 255 255 255 255 255 255 255 255 255 255 255 255 255 255 255 255 255 255 255 255 255 255 255 255 255 255 255 255 255 
255 255 255 255 255 255 255 255 255 255 255 255 255 255 255 255 255 255 255 255 255 255 255 255 255 255 255 255 255 255 255 255 255 255 255 255 255 255 255 255 
255 255 255 255 255 255 255 255 255 255 255 255 255 255 255 255 255 255 255 255 255 255 255 255 255 255 255 255 255 255 255 255 255 255 255 255 255 255 255 255 
255 255 255 076 255 255 255 255 255 255 255 255 255 255 255 255 255 255 255 255 255 255 255 255 255 255 255 255 255 255 255 255 255 255 255 255 255 255 255 255 
255 255 255 255 255 255 255 255 255 255 255 255 255 255 255 255 255 255 255 255 255 255 255 255 255 255 255 255 255 255 255 255 255 255 255 255 255 255 255 255 
255 255 255 255 255 255 255 255 255 255 255 255 255 255 255 255 255 255 255 255 255 255 255 255 255 255 255 255 255 255 255 255 255 255 255 255 255 255 255 255 
255 255 255 255 255 255 255 255 255 255 255 255 255 255 255 255 255 255 255 255 255 255 255 255 255 255 255 255 255 255 255 255 255 255 255 255 255 255 255 255 
255 255 255 255 255 255 255 255 255 255 255 255 255 255 255 255 255 029 255 255 255 255 255 255 255 255 255 255 255 255 255 255 255 255 255 255 255 255 255 255 
255 255 255 255 255 255 255 255 255 255 255 255 255 255 255 255 255 255 255 255 255 255 255 255 255 255 255 255 255 255 255 255 255 255 255 255 255 255 255 255 
255 255 255 255 255 255 255 255 255 255 255 255 255 255 255 255 255 255 255 255 255 255 255 255 255 255 255 255 255 255 255 029 255 255 255 255 255 255 255 255 
255 255 000 255 255 255 076 255 255 255 255 255 255 255 255 255 255 255 255 255 255 255 255 255 255 255 255 255 255 255 255 255 255 255 255 255 255 255 255 255 
